가디	55	70	45	70	50	60
가디안	68	65	65	125	115	80
가로막구리	93	90	101	60	81	95
가보리	50	70	100	40	40	30
가이오가	100	100	90	150	140	90
가재군	43	80	65	50	35	35
가재장군	63	120	85	90	55	55
갈가부기	90	115	90	48	68	74
갈모매	40	30	30	55	30	85
갑주무사	75	125	140	60	90	40
강챙이 (5세대까지)	90	85	95	70	90	70
강챙이 (6세대부터)	90	95	95	70	90	70
강철톤	75	85	200	55	65	30
개구마르	41	56	40	62	44	71
개굴닌자	72	95	67	103	71	122
개굴반장	54	63	52	83	56	97
개무소	45	45	35	20	30	20
갱도라	60	90	140	50	50	40
갸라도스	95	125	79	60	100	81
거대코뿌리	115	140	130	55	55	40
거북손데스	72	92	115	54	86	68
거북손손	42	52	67	39	56	50
거북왕	79	83	100	85	105	78
게노세크트	71	120	95	120	95	99
게을로	60	60	60	35	35	30
게을킹	150	160	100	95	65	100
겟핸보숭	75	100	66	60	66	115
견고라스	82	121	119	69	59	71
고고트	123	100	62	97	81	68
고디모아젤	70	55	95	95	110	65
고디보미	60	45	70	75	85	55
고디탱	45	30	50	55	65	45
고라파덕	50	52	48	65	50	55
고래왕	170	90	45	90	45	60
고래왕자	130	70	35	70	35	60
고릴타	100	125	90	60	70	85
고오스	30	35	30	100	35	80
고우스트	45	50	45	115	55	95
고지	75	100	110	45	55	65
고지 (알로라의 모습)	75	100	120	25	65	65
곤율거니	65	90	115	45	115	58
곤율랭	50	75	70	35	70	48
골덕	80	82	78	95	80	85
골루그	89	124	80	55	80	55
골뱃	75	80	70	65	75	90
골비람	59	74	50	35	50	35
과사삭벌레	40	40	80	40	40	20
괴력몬	90	130	80	65	85	55
구구	40	45	40	35	35	56
귀뚤뚜기	37	25	41	25	41	25
귀뚤톡크	77	85	51	55	51	65
그라에나	70	90	70	60	60	70
그란돈	100	150	140	100	90	90
그랑블루	90	120	75	60	60	45
근육몬	80	100	70	50	60	45
글라이거	65	75	105	35	65	85
글라이온	75	95	125	45	75	95
글레이시아	65	60	110	130	95	65
기가이어스 (5세대까지)	85	135	130	60	70	25
기가이어스 (6세대부터)	85	135	130	60	80	25
기기기어르	60	100	115	70	85	90
기기어르	60	80	95	70	85	50
기라티나 (어나더폼)	150	100	120	100	120	90
기라티나 (오리진폼)	150	120	100	120	100	90
기어르	40	55	70	45	60	30
깜까미	50	75	75	65	65	50
깜놀버슬	69	55	45	55	55	15
깜눈크	50	72	35	35	35	65
깜지곰	60	80	50	50	50	40
깝질무	76	48	48	57	62	34
깨물부기	50	64	50	38	38	44
깨봉이	50	50	62	40	62	65
깨비드릴조	65	90	65	61	61	100
깨비물거미	68	70	92	50	132	42
깨비참	40	60	30	31	31	70
껍질몬	1	90	45	30	30	40
꼬렛	30	56	35	25	35	72
꼬렛 (알로라의 모습)	30	56	35	25	35	72
꼬리선	35	46	34	35	45	20
꼬링크	45	65	34	40	34	45
꼬마돌	40	80	100	30	30	20
꼬마돌 (알로라의 모습)	40	80	100	30	30	20
꼬모카	40	40	60	40	60	10
꼬몽울	40	30	35	50	70	55
꼬부기	44	48	65	50	64	43
꼬시레	25	35	40	20	30	80
꼬지모	70	100	115	30	65	30
꼬지보리	62	44	50	44	50	55
꼬지지	50	80	95	10	45	10
꼬치조	61	123	60	60	50	136
꼴깍몬	70	43	53	43	53	40
꽁어름	55	69	85	32	35	28
꾸꾸리	50	50	40	30	30	50
꿀꺽몬	100	73	83	73	83	55
끼리동	72	80	49	40	49	40
나루림	82	80	86	85	75	72
나룸퍼프	62	48	66	59	57	49
나메일	70	94	50	94	50	66
나목령	43	70	48	50	60	38
나몰빼미	68	55	55	50	50	42
나무돌이	50	65	45	85	65	95
나무지기	40	45	35	65	55	70
나무킹	70	85	65	105	85	120
나시	95	95	85	125	65	55
나시 (알로라의 모습)	95	105	85	125	75	45
나옹	40	45	35	40	40	90
나옹 (가라르의 모습)	50	65	55	40	40	40
나옹 (알로라의 모습)	40	35	35	50	40	90
나옹마	49	55	42	42	37	85
나이킹	70	110	100	50	60	50
나인테일	73	76	75	81	100	100
나인테일 (알로라의 모습)	73	67	75	81	100	109
날쌩마	65	100	70	80	80	105
날쌩마 (가라르의 모습)	65	100	70	80	80	105
내던숭이	100	120	90	40	60	80
내루미	90	55	75	60	75	30
내룸벨트	110	85	95	80	95	50
냄새꼬	60	65	70	85	75	40
냐스퍼	62	48	54	63	60	68
냐오닉스	74	48	76	83	81	104
냐오불	45	65	40	60	40	70
냐오히트	65	85	50	80	50	90
너트령	74	94	131	54	116	20
네오라이트	69	69	76	69	86	91
네오비트	65	47	55	73	75	85
네이티	40	50	45	70	45	70
네이티오	65	75	70	95	70	95
네크로즈마	97	107	101	127	89	79
네크로즈마 (새벽의 날개)	97	113	109	157	127	77
네크로즈마 (울트라네크로즈마)	97	167	97	167	97	129
네크로즈마 (황혼의 갈기)	97	157	127	113	109	77
노고치	100	70	70	65	65	45
노공룡	84	71	43	71	43	48
노라키	73	95	62	85	65	85
노보청	105	140	95	55	65	45
누겔레온	65	60	55	95	55	90
누니머기	30	25	35	45	30	20
누리공	50	54	54	66	56	40
누리레느	80	74	74	126	116	60
누오	95	85	85	65	65	35
눈꼬마	50	50	50	50	50	50
눈설왕	90	92	75	92	85	60
눈쓰개	60	62	50	62	60	40
눈여아	70	80	70	80	70	110
늑골라	74	108	133	83	65	32
늪짱이	70	85	70	60	70	50
니드런♀	55	47	52	40	40	41
니드런♂	46	57	40	40	40	50
니드리나	70	62	67	55	55	56
니드리노	61	72	57	55	55	65
니드퀸 (5세대까지)	90	82	87	75	85	76
니드퀸 (6세대부터)	90	92	87	75	85	76
니드킹 (5세대까지)	81	92	77	85	75	85
니드킹 (6세대부터)	81	102	77	85	75	85
니로우	60	85	42	85	42	91
님피아	95	65	65	110	130	60
다꼬리	85	76	64	45	55	90
다부니	103	60	86	60	86	50
다크라이	70	90	90	135	90	125
다크펫	64	115	65	83	63	65
다태우지네	100	115	65	90	90	65
다탱구	90	100	60	90	60	80
닥트리오	35	80	50	50	70	120
닥트리오 (알로라의 모습)	35	100	60	50	70	110
단굴	55	75	85	25	25	15
단단지	20	10	230	10	230	5
단데기	50	20	55	25	25	30
단지래플	110	85	80	100	80	30
단칼빙	45	80	100	35	37	28
달막화	70	90	45	15	45	50
달막화 (가라르의 모습)	70	90	45	15	45	50
달무리나	52	40	48	40	48	62
달코퀸	72	120	98	50	98	72
달콤아	42	30	38	30	38	32
대검귀	95	100	85	108	70	70
대굴레오	70	40	50	55	50	25
대로트	85	110	76	65	82	56
대여르	65	100	100	70	60	75
대왕끼리동	122	130	69	80	69	30
대짱이	100	110	90	85	90	60
대코파스	60	55	145	75	150	40
대포무노	75	105	75	105	75	45
더스트나	80	95	82	60	82	75
더시마사리	50	63	152	53	142	35
던지미	120	100	85	30	85	45
덩쿠리	65	55	115	100	40	60
덩쿠림보	100	100	125	110	50	50
데구리	55	95	115	45	45	35
데구리 (알로라의 모습)	55	95	115	45	45	35
데기라스	70	84	70	65	70	51
데덴네	67	58	57	81	67	101
데스니칸	58	50	145	95	105	30
데스마스	38	30	85	55	65	30
데스마스 (가라르의 모습)	38	55	85	30	65	30
데스판	58	95	145	50	105	30
데인차	40	45	45	74	54	50
델빌	45	60	30	80	50	65
델케티	70	65	65	55	55	70
도나리	70	65	60	90	75	90
도롱마담 (모래땅도롱)	60	79	105	59	85	36
도롱마담 (슈레도롱)	60	69	95	69	95	36
도롱마담 (초목도롱)	60	59	85	79	105	36
도롱충이	40	29	45	29	45	36
도치마론	56	61	65	48	45	38
도치보구	61	78	95	56	58	57
도토링	40	40	50	30	30	30
독개굴	83	106	65	86	65	85
독침붕 (5세대까지)	65	80	40	45	80	75
독침붕 (6세대부터)	65	90	40	45	80	75
독케일	60	50	70	50	90	65
독파리	80	70	65	80	120	100
돈크로우	100	125	52	105	52	71
돌살이	50	65	85	35	35	55
돌헨진	100	125	135	20	20	70
동미러	57	24	86	24	86	23
동챙이	50	50	40	50	40	64
동탁군	67	89	116	79	116	33
두개도스	67	125	40	30	30	58
두까비	75	65	55	65	55	69
두더류	60	85	40	30	45	68
두두	35	85	45	35	35	75
두랄루돈	70	95	115	120	50	85
두루지벌레	25	20	20	25	45	45
두르보	45	53	70	40	60	42
두르쿤	55	63	90	50	80	42
두빅굴 (5세대까지)	105	85	75	85	75	74
두빅굴 (6세대부터)	105	95	75	85	75	74
두코	55	45	50	45	65	80
두트리오	60	110	70	60	60	100
두파팡	53	127	53	151	79	107
둔타	60	60	40	65	45	35
둥실라이드	150	80	44	90	54	80
듀란	65	40	50	125	60	30
드라꼰	28	60	30	40	30	82
드래런치	68	80	50	60	50	102
드래캄	65	75	90	97	123	44
드래펄트	88	120	75	100	75	142
드래피온	70	90	110	60	75	95
드레디어	70	60	75	110	75	90
디그다	10	55	25	35	45	95
디그다 (알로라의 모습)	10	55	30	35	45	90
디아루가	100	120	120	150	100	90
디안시	50	100	150	100	150	50
디헤드	72	85	70	65	70	58
딜리버드	45	55	45	65	45	75
딥상어동	58	70	45	40	45	42
따라큐	55	90	80	50	105	96
딱구리 (5세대까지)	80	110	130	55	65	45
딱구리 (6세대부터)	80	120	130	55	65	45
딱구리 (알로라의 모습)	80	120	130	55	65	45
딱정곤	50	75	45	40	45	60
딱충이	45	25	50	25	25	35
때때무노	50	68	60	50	50	32
또가스	40	65	95	60	45	35
또도가스	65	90	120	85	70	60
또도가스 (가라르의 모습)	65	90	120	85	70	60
또르박쥐	55	45	43	55	43	72
뚜꾸리	65	63	45	45	45	45
뚜벅쵸	45	50	55	75	65	30
라란티스	70	105	90	80	90	45
라이츄 (5세대까지)	60	90	55	90	80	100
라이츄 (6세대부터)	60	90	55	90	80	110
라이츄 (알로라의 모습)	60	85	50	95	85	110
라이코	90	85	75	115	100	115
라티아스	80	80	90	110	130	110
라티오스	80	90	80	130	110	110
라프라스	130	85	80	85	95	60
라플레시아 (5세대까지)	75	80	85	100	90	50
라플레시아 (6세대부터)	75	80	85	110	90	50
란쿨루스	110	65	75	125	85	30
랄토스	28	25	25	45	35	40
랑딸랑	45	30	50	65	50	45
래비풋	65	86	60	55	60	94
랜드로스 (영물폼)	89	145	90	105	80	91
랜드로스 (화신폼)	89	125	90	115	80	101
랜턴	125	58	58	76	76	67
램펄드	97	165	60	65	50	58
램프라	60	40	60	95	60	55
럭시오	60	85	49	60	49	60
럭키	250	5	5	35	105	50
레돔벌레	50	35	80	50	90	30
레디바	40	20	30	40	80	55
레디안	55	35	50	55	110	85
레시라무	100	120	100	150	120	90
레어코일	50	60	95	120	70	70
레오꼬	62	50	58	73	54	72
레이스포스	100	65	60	145	80	130
레지기가스	110	160	110	80	110	100
레지드래고	200	100	50	100	50	80
레지락	80	100	200	50	100	50
레지스틸	80	75	150	75	150	50
레지아이스	80	50	100	100	200	50
레지에레키	80	100	50	100	50	200
레쿠쟈	105	150	90	150	90	95
레트라	55	81	60	50	70	97
레트라 (알로라의 모습)	75	71	70	40	80	77
레파르다스	64	88	50	88	50	106
렌트라	80	120	79	95	79	70
로젤리아	50	60	45	100	80	65
로즈레이드 (5세대까지)	60	70	55	125	105	90
로즈레이드 (6세대부터)	60	70	65	125	105	90
로토무 (노말 로토무)	50	50	77	95	77	91
로토무 (폼체인지 로토무)	50	65	107	105	107	86
로토스	60	50	50	60	70	50
로파파	80	70	70	90	100	70
롱스톤	35	45	160	30	45	70
루가루암	75	115	65	55	65	112
루기아	106	90	130	90	154	110
루나아라	137	113	89	137	107	97
루나톤	70	55	65	95	85	70
루리리	50	20	40	20	40	20
루브도	55	20	35	20	45	75
루주라	65	50	35	115	95	95
루차불	78	92	75	74	63	118
루카리오	70	110	70	115	70	90
리그레	55	55	55	85	55	30
리아코	50	65	64	44	48	43
리오르	40	70	40	35	40	60
리자드	58	64	58	80	65	80
리자몽	78	84	78	109	85	100
리피아	65	110	130	60	65	95
릴리요	86	81	97	81	107	43
릴링	66	41	77	61	87	23
링곰	90	130	75	75	75	55
마그마	65	95	57	100	85	93
마그마그	40	40	40	70	40	20
마그마번	75	95	67	125	95	83
마그비	45	75	37	70	55	83
마그카르고	50	50	120	80	80	30
마그케인	58	64	58	80	65	80
마기라스	100	134	110	95	100	61
마기아나	80	95	115	130	115	65
마나피	100	100	100	100	100	100
마디네	30	45	59	30	39	57
마라카치	75	86	67	106	67	60
마릴	70	20	50	20	50	40
마릴리	100	50	80	60	80	50
마빌크	45	40	40	50	61	34
마샤도	90	125	80	90	90	125
마셰이드	60	45	80	90	100	30
마이농	60	40	50	75	85	95
마임꽁꽁	80	85	75	110	100	70
마임맨	40	45	65	100	120	90
마임맨 (가라르의 모습)	50	65	65	90	90	100
마자	95	23	48	23	48	23
마자용	190	33	58	33	58	33
마크탕	72	60	30	20	30	25
마폭시	75	69	72	114	100	104
마휘핑	65	60	75	110	121	64
만마드	100	125	100	55	85	35
만타인	65	40	70	80	140	70
맘모꾸리	110	130	80	70	60	80
맘박쥐	67	57	55	77	55	114
맘복치	165	75	80	40	45	65
망나뇽	91	134	95	100	100	80
망키	40	80	35	35	45	70
매시붕	107	139	139	53	53	79
머드나기	70	100	70	45	55	45
먹고자	135	85	40	40	85	5
멍파치	59	45	50	40	50	26
메가가디안	68	85	65	165	135	100
메가강철톤	75	125	230	55	95	30
메가갸라도스	95	155	109	70	130	81
메가거북왕	79	103	120	135	115	78
메가깜까미	50	85	125	85	115	20
메가나무킹	70	110	75	145	85	145
메가눈설왕	90	132	105	132	105	30
메가니움	80	82	100	83	100	80
메가다부니	103	60	126	80	126	50
메가다크펫	64	165	75	93	83	75
메가대짱이	100	150	110	95	110	70
메가독침붕	65	150	40	15	80	145
메가디안시	50	160	110	160	110	110
메가라티아스	80	100	120	140	150	110
메가라티오스	80	130	100	160	120	110
메가레쿠쟈	105	180	100	180	100	115
메가루카리오	70	145	88	140	70	112
메가리자몽X	78	130	111	130	85	100
메가리자몽Y	78	104	78	159	115	100
메가마기라스	100	164	150	95	120	71
메가메타그로스	80	145	150	105	110	110
메가뮤츠X	106	190	100	154	100	130
메가뮤츠Y	106	150	70	194	120	140
메가번치코	80	160	80	130	80	100
메가보만다	95	145	130	120	90	120
메가보스로라	70	140	230	60	80	50
메가쁘사이저	65	155	120	65	90	105
메가샤크니아	70	140	70	110	65	105
메가썬더볼트	70	75	80	135	80	135
메가앱솔	65	150	60	115	60	115
메가야도란	95	75	180	130	80	30
메가얼음귀신	80	120	80	120	80	100
메가엘레이드	68	165	95	65	115	110
메가요가램	60	100	85	80	85	100
메가이상해꽃	80	100	123	122	120	80
메가이어롭	65	136	94	54	96	135
메가입치트	50	105	125	55	95	50
메가자리	86	76	86	116	56	95
메가전룡	90	95	105	165	110	45
메가캥카	105	125	100	60	100	100
메가파비코리	75	110	110	110	105	80
메가팬텀	60	65	80	170	95	130
메가폭타	70	120	100	145	105	20
메가프테라	80	135	85	70	95	150
메가피죤투	83	80	80	135	80	121
메가한카리아스	108	170	115	120	95	92
메가핫삼	70	150	140	65	100	75
메가헤라크로스	80	185	115	40	105	75
메가헬가	75	90	90	140	90	115
메가후딘	55	50	65	175	95	150
메깅	110	78	73	76	71	60
메꾸리	100	100	80	60	60	50
메더	109	66	84	81	99	32
메더 (가라르의 모습)	109	81	99	66	84	32
메로엣타 (보이스폼)	100	77	77	128	128	90
메로엣타 (스텝폼)	100	128	90	77	77	128
메롱꿍	45	45	30	55	40	50
메리프	55	40	40	65	45	35
메이클	66	65	48	62	57	52
메타그로스	80	135	130	95	90	70
메타몽	48	48	48	48	48	48
메탕	40	55	80	35	60	30
메탕구	60	75	100	55	80	50
메테노	60	60	100	60	100	60
멜리시	50	50	150	50	150	50
멜메탈	135	143	143	80	65	34
멜탄	46	65	65	55	35	34
모노두	52	65	50	45	50	38
모다피	50	75	35	70	30	40
모단단게	97	132	77	62	67	43
모래꿍	55	55	80	70	45	15
모래두지	50	75	85	20	30	40
모래두지 (알로라의 모습)	50	75	90	10	35	40
모래뱀	52	57	75	35	50	46
모래성이당	85	75	110	100	75	35
모르페코	58	95	58	70	58	97
모부기	55	68	64	45	55	31
모스노우	70	65	60	125	90	65
모아머 (5세대까지)	75	103	80	70	70	92
모아머 (6세대부터)	75	103	80	70	80	92
모크나이퍼	78	107	75	100	100	70
목도리키텔	44	38	33	61	43	70
몬냥이	71	82	64	64	59	112
몰드류	110	135	60	50	65	88
몸지브림	42	30	45	56	53	39
몽나	76	25	45	67	55	24
몽얌나	116	55	85	107	95	29
무스틈니	74	100	72	90	72	46
무우마	60	60	60	85	85	85
무우마직	60	60	60	105	105	105
무장조	65	80	140	40	70	70
무한다이노	140	85	95	145	95	130
무한다이노 (무한다이맥스)	255	115	250	125	250	130
물거미	38	40	52	40	72	27
물짱이	50	70	50	50	50	40
뮤	100	100	100	100	100	100
뮤츠	106	110	90	154	90	130
미꾸리	50	48	43	46	41	60
미끄네일	68	75	53	83	113	60
미끄래곤	90	100	70	110	150	80
미끄메라	45	50	35	55	75	40
미뇽	41	64	45	50	50	50
미라몽	40	70	130	60	130	25
밀로틱	95	60	79	100	125	81
밀탱크	95	80	105	40	70	100
바닐리치	51	65	65	80	75	59
바닐프티	36	50	50	65	60	44
바라철록	80	100	70	60	70	95
바랜드 (5세대까지)	85	100	90	45	90	80
바랜드 (6세대부터)	85	110	90	45	90	80
바리톱스	60	52	168	47	138	30
바오키	75	98	63	98	63	101
바오프	50	53	48	53	48	64
발바로	80	80	80	55	55	90
발챙이	40	50	40	40	40	90
밤선인	70	115	60	115	60	55
방패톱스	30	42	118	42	88	30
배루키	35	35	35	35	35	35
배바닐라	71	95	85	110	95	79
배쓰나이	70	92	65	80	55	98
배우르	72	80	100	60	90	88
백솜모카	60	50	90	80	120	60
버드렉스	100	80	80	80	80	80
버드렉스 (백마 탄 모습)	100	165	150	85	130	50
버드렉스 (흑마 탄 모습)	100	85	80	165	100	150
버랜지나	110	65	105	55	95	80
버섯꼬	60	40	60	40	60	35
버섯모	60	130	80	60	60	70
버터플 (5세대까지)	60	45	50	80	80	70
버터플 (6세대부터)	60	45	50	90	80	70
버프론	95	110	95	40	95	55
번치코	80	120	70	110	70	80
벌차이	70	55	75	45	65	60
베베놈	67	73	67	73	67	73
베이리프	60	62	80	63	80	60
벰크	75	75	75	125	95	40
별가사리	30	45	55	70	55	85
보르그	60	85	69	60	69	77
보르쥐	45	55	39	35	39	42
보만다	95	135	80	110	80	100
보송송	70	55	55	80	60	45
보스로라	70	110	180	60	60	50
볼비트	65	73	55	47	75	85
볼케니온	80	110	120	130	90	70
볼트로스 (영물폼)	79	105	70	145	80	101
볼트로스 (화신폼)	79	115	70	125	80	111
부란다	95	124	78	69	71	58
부스터	65	130	60	95	110	65
부우부	60	30	30	36	56	50
분떠도리	45	22	60	27	30	29
분이벌레	38	35	40	27	25	35
분홍장이	55	84	105	114	75	52
불꽃숭이	44	58	44	58	44	61
불비달마 (가라르의 모습)	105	140	55	30	55	95
불비달마 (가라르의 모습, 달마모드)	105	160	55	30	55	135
불비달마 (노말모드)	105	140	55	30	55	95
불비달마 (달마모드)	105	30	105	140	105	55
불카모스	85	60	65	135	105	100
불켜미	50	30	55	65	55	20
불화살빈	62	73	55	56	52	84
붐볼	60	50	70	80	80	140
뷰티플라이 (5세대까지)	60	70	50	90	50	65
뷰티플라이 (6세대부터)	60	70	50	100	50	65
브리가론	90	100	120	80	70	70
브리무음	57	90	95	136	103	29
브이젤	55	65	35	60	30	85
브케인	39	52	43	60	50	65
블래키	95	65	110	60	130	65
블레이범	78	84	78	109	85	100
블로스터	71	73	88	120	89	59
블루	60	80	50	40	40	30
블리자포스	100	145	130	65	110	30
비구술	40	30	32	50	52	65
비나방	70	60	62	80	82	60
비리디온	91	90	72	90	129	108
비버니	59	45	40	35	40	31
비버통	79	85	60	55	60	71
비브라바	50	70	50	50	50	70
비비용	80	52	50	90	50	89
비조도	65	125	60	95	60	105
비조푸	45	85	50	55	50	65
비퀸	70	80	102	80	102	40
비크티니	100	100	100	100	100	100
빈티나	20	15	20	10	55	80
빙큐보 (나이스페이스)	75	80	70	65	50	130
빙큐보 (아이스페이스)	75	80	110	65	90	50
빼미스로우	78	75	75	70	70	52
뽀록나	114	85	70	85	80	30
뽀뽀라	45	30	15	85	65	65
뿔충이	40	35	30	20	20	50
뿔카노	80	85	95	30	30	25
쁘사이저	65	125	100	55	70	85
삐	50	25	28	45	55	15
삐딱구리	48	61	40	61	40	50
삐삐	70	45	48	60	65	35
사다이사	72	107	125	65	70	71
사랑동이	43	30	55	40	65	97
사철록	60	60	50	40	50	75
산호르곤	60	95	50	145	130	30
삼삼드래	92	105	90	125	90	98
샤로다	75	75	95	75	95	113
샤미드	130	65	60	110	95	65
샤비	60	60	75	60	75	83
샤크니아	70	120	40	95	40	95
샤프니아	45	90	20	65	20	65
샹델라	60	55	90	145	90	80
석탄산	110	80	120	80	90	30
선인왕	50	85	40	85	40	35
성원숭	65	105	60	60	70	95
세꿀버리	30	30	42	30	42	70
세레비	100	100	100	100	100	100
세비퍼	73	100	60	100	60	65
셀러	30	65	100	45	25	40
소곤룡	64	51	23	51	23	28
소미안	40	27	60	37	50	66
손지브림	57	40	65	86	73	49
솔가레오	137	137	107	113	89	97
솔록	70	95	85	55	65	70
솜솜코 (5세대까지)	75	55	70	55	85	110
솜솜코 (6세대부터)	75	55	70	55	95	110
수댕이	55	55	45	63	45	45
수레기	50	60	60	60	60	30
수리둥보	70	83	50	37	50	60
수풀부기	75	89	85	55	65	36
쉐이미 (랜드폼)	100	100	100	100	100	100
쉐이미 (스카이폼)	100	103	75	120	75	127
쉘곤	65	95	100	60	50	50
슈륙챙이	65	65	65	50	50	90
슈바르고	70	135	105	60	105	20
슈쁘	78	52	60	63	65	23
스라크	70	110	80	55	80	105
스완나	75	87	63	87	63	98
스왈로	60	85	60	50	50	125
스이쿤	100	75	115	90	115	85
스컹뿡	63	63	47	41	41	74
스컹탱크	103	93	67	71	61	84
스콜피	40	50	90	30	55	65
스트린더	75	98	70	114	70	75
슬리퍼	85	73	70	73	115	67
슬리프	60	48	45	43	90	42
시드라	55	65	95	95	45	85
시라소몬	50	120	53	35	110	87
시라칸	100	90	130	45	65	55
시마사리	50	53	62	43	52	45
식스테일	38	41	40	50	65	65
식스테일 (알로라의 모습)	38	41	40	50	65	65
신뇽	61	84	65	70	70	70
실버디	95	95	95	95	95	95
실쿤	50	35	55	25	25	15
심보러	72	58	80	103	80	97
쌍검자비	75	75	60	83	60	60
쌍검킬	59	110	150	45	49	35
쌔비냥	41	50	37	50	37	66
썬더	90	90	85	125	90	100
썬더 (가라르 썬더)	90	125	90	85	90	100
썬더라이	40	45	40	65	40	65
썬더볼트	70	75	60	105	60	105
쏘겨모	65	60	45	75	55	70
쏘드라	30	40	70	70	25	60
쏘콘	75	90	140	60	60	40
씨레오	90	60	70	75	70	45
씨카이저	110	80	90	95	90	65
아고용	73	73	73	127	73	121
아공이	45	75	60	40	30	50
아그놈	75	125	70	125	70	115
아노딥스	45	95	50	40	50	75
아라리	60	40	80	60	45	40
아르세우스	120	120	120	120	120	120
아르코 (5세대까지)	75	80	85	90	100	50
아르코 (6세대부터)	75	80	95	90	100	50
아리아도스	70	90	70	60	60	40
아마루르가	123	77	72	99	92	58
아마루스	77	59	50	67	63	46
아말도	75	125	100	70	80	45
아머까오	98	87	105	53	85	67
아보	35	60	44	40	54	55
아보크	60	85	69	65	79	80
아이스크	61	90	45	50	50	160
아이앤트	58	109	112	48	48	109
아차모	45	60	40	70	50	45
아케오스	75	140	65	112	65	110
아켄	55	112	45	74	45	70
아쿠스타	60	75	85	100	85	115
악비르	60	82	45	45	45	74
악비아르 (5세대까지)	95	117	70	65	70	92
악비아르 (6세대부터)	95	117	80	65	70	92
악식킹	223	101	53	97	53	43
안농	48	72	48	72	48	48
알통몬	70	80	50	35	35	35
암나이트	35	40	100	90	55	35
암멍이	45	65	40	30	40	60
암스타	70	60	125	115	70	55
암트르	70	105	105	50	40	20
암팰리스	70	95	125	65	75	45
앗차키	75	98	63	98	63	101
앗차프	50	53	48	53	48	64
애버라스	50	64	50	45	50	41
애프룡	70	110	80	95	60	70
액스라이즈	76	147	90	60	70	97
액슨도	66	117	70	40	50	67
앤테이	115	115	85	90	75	100
앤티골	85	97	66	105	66	65
앱솔	65	130	60	75	60	75
야나키	75	98	63	98	63	101
야나프	50	53	48	53	48	64
야느와르몽	45	100	135	65	135	45
야도뇽	48	44	40	71	40	77
야도란	95	75	110	100	80	30
야도킹	95	75	80	100	110	30
야돈	90	65	65	40	40	15
야부엉	100	50	50	76	96	70
약어리 (군집의 모습)	45	140	130	140	135	30
약어리 (단독의 모습)	45	20	20	25	25	40
어니부기	59	63	80	65	80	58
어둠대신	44	75	35	63	33	45
어래곤	90	90	100	70	80	75
어지리더	80	70	40	100	60	145
어치르돈	90	90	100	80	90	55
어흥염	95	115	90	80	90	60
얼루기	60	60	60	60	60	60
얼음귀신	80	80	80	80	80	80
에나비	50	45	45	35	35	50
에레브	65	83	57	95	85	105
에레키드	45	63	37	65	55	95
에레키블	75	123	67	95	85	95
에리본	60	55	60	95	70	124
에몽가	55	75	60	75	60	103
에브이	65	65	60	130	95	110
에블리	40	45	40	55	40	84
에써르 (수컷)	60	65	55	105	95	95
에써르 (암컷)	70	55	65	95	105	85
에이스번	80	116	75	65	75	119
에이팜	55	70	55	40	55	85
엘레이드	68	125	65	65	115	80
엘리게이	65	80	80	59	63	58
엘풍	60	67	85	77	75	116
엠라이트	80	105	105	105	105	80
엠페르트	84	86	88	111	101	60
연꽃몬	40	30	30	40	50	30
염뉴트	68	64	60	111	60	117
염무왕	110	123	65	100	65	65
염버니	50	71	40	40	40	69
영구스	48	70	30	30	30	45
영치코	60	85	60	85	60	55
오기지게	47	82	57	42	47	63
오뚝군	40	40	55	40	70	55
오롱털	95	120	65	95	75	60
오케이징	53	54	53	37	46	45
완철포	50	53	62	58	63	44
왕구리	90	75	75	90	100	70
왕눈해	40	40	35	50	100	70
왕자리	65	65	45	75	45	95
왕콘치	80	92	65	65	80	68
왕큰부리	80	120	75	75	75	60
요가랑	30	40	55	40	55	60
요가램	60	60	75	60	75	80
요씽리스	120	95	95	55	75	20
요테리	45	60	45	25	45	55
우라오스	100	130	100	63	60	97
우르	42	40	55	40	45	48
우츠동	65	90	50	85	45	55
우츠보트 (5세대까지)	80	105	65	100	60	70
우츠보트 (6세대부터)	80	105	65	100	70	70
우파	55	45	45	25	25	15
울머기	50	40	40	70	40	70
워글	100	123	75	57	75	80
원시가이오가	100	150	90	180	160	90
원시그란돈	100	180	160	150	90	90
윈디	90	110	80	100	80	95
유니란	45	30	40	105	50	20
유크시	75	75	130	75	130	95
유토브	62	77	62	50	42	65
윤겔라	40	35	30	120	70	105
으랏차	75	80	55	25	35	35
윽우지	70	85	55	85	95	85
음뱃	40	30	35	45	40	55
음번	85	70	80	97	80	123
이벨타르	126	131	95	131	98	99
이브이	55	55	50	45	65	55
이븐곰	120	125	80	55	60	60
이상해꽃	80	82	83	100	100	80
이상해씨	45	49	49	65	65	45
이상해풀	60	62	63	80	80	60
이어롤	55	66	44	44	56	85
이어롭	65	76	84	54	96	105
이올브	60	45	110	80	120	90
인텔리레온	70	85	65	125	65	120
일레도리자드	62	55	52	109	94	109
일레즌	40	38	35	54	35	40
입치트	50	85	85	55	55	50
잉어킹	20	10	55	15	20	80
잎새코	70	70	40	60	40	60
자루도	105	120	105	70	95	105
자마슈	40	35	55	65	75	15
자마젠타 (방패왕)	92	130	145	80	145	128
자마젠타 (역전의 용사)	92	130	115	80	115	138
자말라	65	115	65	75	95	65
자망칼	45	85	70	40	40	60
자시안 (검왕)	92	170	115	80	115	148
자시안 (역전의 용사)	92	130	115	80	115	138
자포코일	70	70	115	130	90	60
잠만보	160	110	65	65	110	30
장크로다일	85	105	100	79	83	78
쟝고	73	115	60	60	60	90
저리더프	85	115	80	105	80	50
저리릴	65	85	70	75	70	40
저리어	35	55	40	45	40	60
전룡 (5세대까지)	90	75	75	115	90	55
전룡 (6세대부터)	90	75	85	115	90	55
전수목	83	89	71	173	71	83
전지충이	57	82	95	55	75	36
전툴라	70	77	60	97	60	108
절각참	65	125	100	60	70	70
점토도리	60	70	105	70	120	75
제라오라	88	112	75	102	80	143
제르네아스	126	131	95	131	98	99
제브라이카	75	100	63	80	63	116
제크로무	100	150	120	120	100	90
조로아	40	65	40	80	40	65
조로아크	60	105	60	120	60	105
종이신도	59	181	131	59	31	109
주리비얀	45	45	55	45	55	63
주뱃	40	45	35	30	40	55
줄뮤마	45	60	32	50	32	76
쥬레곤	90	70	80	70	95	70
쥬쥬	65	45	55	45	70	45
쥬피썬더	65	65	60	110	95	130
지가르데	108	100	121	81	95	95
지그제구리	38	30	41	30	41	60
지그제구리 (가라르의 모습)	38	30	41	30	41	60
지라치	100	100	100	100	100	100
직구리	78	70	61	50	61	100
직구리 (가라르의 모습)	78	70	61	50	61	100
진주몽	35	64	85	74	55	32
질뻐기	105	105	75	65	100	50
질뻐기 (알로라의 모습)	105	105	75	65	100	50
질퍽이	80	80	50	40	50	25
질퍽이 (알로라의 모습)	80	80	50	40	50	25
짜랑고우	55	75	90	65	70	65
짜랑고우거	75	110	125	100	105	85
짜랑꼬	45	55	65	45	45	45
짜랑랑	40	55	35	50	35	35
쪼마리	50	40	85	40	65	25
찌로꼬치	41	63	40	40	30	66
찌르꼬	40	55	30	30	30	60
찌르버드	55	75	50	40	40	80
찌르성게	48	101	95	91	85	15
찌르호크 (5세대까지)	85	120	70	50	50	100
찌르호크 (6세대부터)	85	120	70	50	60	100
찌리리공	40	30	50	55	55	100
차곡차곡	61	131	211	53	101	13
차오꿀	90	93	55	70	55	55
창파나이트	62	135	95	68	82	65
채키몽	70	85	70	55	60	80
철시드	44	50	91	24	86	10
철화구야	97	101	103	107	101	61
체리꼬	70	60	70	87	78	85
체리버	45	35	45	62	53	35
초라기	75	38	38	56	56	67
초염몽	76	104	71	104	71	108
총어	35	65	35	65	35	65
춤추새	75	70	70	98	70	93
치갈기	68	105	70	70	70	92
치고마	60	90	60	53	50	72
치라미	55	50	40	40	40	75
치라치노	75	95	60	65	60	115
치렁	65	50	70	95	80	65
치릴리	45	35	50	70	50	30
치코리타	45	49	65	49	65	45
칠색조	106	130	90	110	154	90
침바루	65	95	75	55	55	85
카스쿤	50	35	55	25	25	15
카포에라	50	95	95	35	110	70
카푸꼬꼬꼭	70	115	85	95	75	130
카푸나비나	70	85	75	130	115	95
카푸느지느	70	75	115	95	130	85
카푸브루루	70	130	115	85	95	75
칼라마네로	86	92	88	68	75	73
캐스퐁	70	70	70	70	70	70
캐이시	25	20	15	105	55	90
캐터피	45	30	35	20	20	45
캥카	105	95	80	40	80	90
케르디오	91	72	90	129	90	108
케오퍼스	80	118	90	70	80	42
켄타로스	75	100	95	40	70	110
켄호로우 (5세대까지)	80	105	80	65	55	93
켄호로우 (6세대부터)	80	115	80	65	55	93
켈리몬	60	90	70	60	120	40
코고미	55	70	40	60	40	40
코리갑	90	120	120	60	60	50
코바르온	91	90	129	90	72	108
코뿌리	105	130	120	45	45	40
코산호	55	55	85	65	85	35
코산호 (가라르의 모습)	60	55	100	65	100	30
코스모그	43	29	31	29	31	37
코스모움	43	29	131	29	131	37
코일	25	35	70	95	55	45
코코리	90	60	60	40	40	40
코코파스	30	45	135	45	90	30
코터스	70	85	140	85	70	20
콕코구리	35	75	30	30	30	65
콘치	45	67	60	35	50	63
콘팡	60	55	50	40	55	45
콩둘기	50	55	50	36	30	43
큐레무	125	130	90	130	90	95
큐레무 (블랙)	125	170	100	120	90	95
큐레무 (화이트)	125	120	90	170	100	95
큐아링	51	52	90	82	110	100
크라파	55	85	50	40	50	75
크랩	30	105	90	25	25	50
크레베이스	95	117	184	44	46	28
크레세리아	120	70	120	75	130	85
크로뱃	85	90	80	70	80	130
크리만	77	120	90	60	90	48
클레피	57	80	91	80	87	75
키링키	70	80	65	90	65	85
키요공	60	69	69	91	81	50
킬가르도 (블레이드폼)	60	140	50	140	50	60
킬가르도 (실드폼)	60	50	140	50	140	60
킬리아	38	35	35	65	55	50
킹드라	75	95	95	95	95	85
킹크랩	55	130	115	50	50	75
타격귀	75	125	75	30	75	85
타만타	45	20	50	60	120	50
타입:널	95	95	95	95	95	59
타타륜	70	131	100	86	90	40
탄동	30	40	50	40	50	30
탄차곤	80	60	90	60	70	50
탐리스	70	55	55	35	35	25
탕구리	50	50	95	40	50	35
태우지네	50	65	45	50	50	45
탱그릴	55	40	50	65	85	40
탱탱겔	100	60	70	85	105	60
터검니	46	87	60	30	40	57
턱지충이	47	62	45	55	45	46
텅구리	60	80	110	50	80	45
텅구리 (알로라의 모습)	60	80	110	50	80	45
텅비드	109	53	47	127	131	103
테라키온	91	129	90	72	90	108
테르나	59	59	58	90	70	73
테오키스 (노말폼)	50	150	50	150	50	150
테오키스 (디펜스폼)	50	70	160	70	160	90
테오키스 (스피드폼)	50	95	90	95	90	180
테오키스 (어택폼)	50	180	20	180	20	150
테일로	40	55	30	30	30	85
토게데마루	65	98	63	40	73	96
토게키스	85	50	95	120	115	80
토게틱	55	40	85	80	105	40
토게피	35	20	65	40	65	20
토네로스 (영물폼)	79	100	80	110	90	121
토네로스 (화신폼)	79	115	70	125	80	111
토대부기	95	109	105	75	85	56
토쇠골	85	105	85	40	50	40
토중몬	31	45	90	30	30	40
톱치	45	100	45	45	45	10
통통코	35	35	40	35	55	50
투구	30	80	90	55	45	55
투구뿌논	77	70	90	145	75	43
투구푸스	60	115	105	65	70	80
툰베어	95	110	80	70	80	50
트로피우스	99	68	83	72	87	51
트리미앙	75	80	60	65	90	102
트리토돈	111	83	68	92	82	39
티고라스	58	89	77	45	45	48
파라꼬	38	47	35	33	35	57
파라섹트	60	95	80	60	80	30
파라스	35	70	55	45	55	25
파르빗	38	36	38	32	36	57
파르셀	50	95	180	85	45	70
파르토	85	56	77	50	77	78
파비코	45	40	60	40	75	50
파비코리	75	70	90	70	105	80
파오리	52	65	55	58	62	60
파오리 (가라르의 모습)	52	95	55	58	62	55
파이리	39	52	43	60	50	65
파이숭이	64	78	52	78	52	81
파이어	90	100	90	125	85	90
파이어 (가라르 파이어)	90	85	90	100	125	90
파이어로	78	81	71	74	69	126
파쪼옥	50	47	50	57	50	65
파치래곤	90	100	90	80	70	75
파치르돈	90	100	90	90	80	55
파치리스	60	45	70	45	90	95
파크로우	68	67	55	43	55	77
판짱	67	82	62	46	48	53
패리퍼	60	50	100	85	70	65
팬텀	60	65	60	130	75	110
팽도리	53	51	53	61	56	40
팽태자	64	66	68	81	76	50
펄기아	90	120	100	150	120	100
펄스멍	69	90	60	90	60	121
펌킨인 (L)	75	95	122	58	75	69
펌킨인 (M)	65	90	122	58	75	84
펌킨인 (S)	55	85	122	58	75	99
펌킨인 (XL)	85	100	122	58	75	54
페라페	76	65	45	92	42	91
페로코체	71	137	37	137	37	151
페르시온	65	70	60	65	65	115
페르시온 (알로라의 모습)	65	60	60	75	65	115
페이검	40	60	40	40	40	30
펜드라 (5세대까지)	60	90	89	55	69	112
펜드라 (6세대부터)	60	100	89	55	69	112
포곰곰	70	75	50	45	50	50
포니타	50	85	55	65	65	90
포니타 (가라르의 모습)	50	85	55	65	65	90
포챠나	35	55	35	30	30	35
포트데스	60	65	65	134	114	70
포푸니	55	95	55	35	75	115
포푸니라	70	120	65	45	85	125
폭거북스	60	78	135	91	85	36
폭슬라이	70	58	58	87	92	90
폭음룡 (5세대까지)	104	91	63	91	63	68
폭음룡 (6세대부터)	104	91	63	91	73	68
폭타	70	100	70	105	75	40
폴리곤	65	60	70	85	75	40
폴리곤2	85	80	90	105	95	60
폴리곤Z	85	80	70	135	75	90
푸린	115	45	20	45	25	20
푸크린 (5세대까지)	140	70	45	75	50	45
푸크린 (6세대부터)	140	70	45	85	50	45
푸푸린	90	30	15	40	20	15
푸호꼬	40	45	40	62	60	60
프레프티르	101	72	72	99	89	29
프로토가	54	78	103	53	45	22
프리져	90	85	100	95	125	85
프리져 (가라르 프리져)	90	85	85	125	100	95
프리지오	70	50	30	95	135	105
프테라	80	105	65	60	75	130
플라베베	44	38	39	61	79	42
플라엣테	54	45	47	75	98	52
플라이곤	80	100	80	80	80	100
플라제스	78	65	68	112	154	75
플러시	60	50	40	85	75	95
플로젤	85	105	55	85	50	115
피그점프	60	25	35	70	80	60
피그킹	80	45	65	90	110	80
피오네	80	80	80	80	80	80
피죤	63	60	55	50	50	71
피죤투 (5세대까지)	83	80	75	70	70	91
피죤투 (6세대부터)	83	80	75	70	70	101
피츄	20	40	15	35	35	60
피카츄 (5세대까지)	35	55	30	50	40	90
피카츄 (6세대부터)	35	55	40	50	50	90
피콘	50	65	90	35	35	15
픽시 (5세대까지)	95	70	73	85	90	60
픽시 (6세대부터)	95	70	73	95	90	60
핑복	100	5	5	15	65	30
하데리어	65	80	65	35	65	60
하랑우탄	90	60	80	90	110	60
하리뭉	144	120	60	40	60	50
하마돈	108	112	118	68	72	47
한바이트	68	90	65	50	55	82
한카리아스	108	130	95	80	85	102
할비롱	78	60	85	135	91	36
핫삼	70	130	100	55	80	65
해골몽	20	40	90	30	90	25
해너츠	30	30	30	30	30	30
해루미	75	75	55	105	85	30
해무기	55	60	130	30	130	5
해피너스	255	10	10	75	135	55
헌테일	55	104	105	94	75	52
헤라크로스	80	125	75	40	95	85
헬가	75	90	50	110	80	95
형광어	49	49	56	49	61	66
형사구스	88	110	60	55	60	45
호바귀 (L)	54	66	70	44	55	46
호바귀 (M)	49	66	70	44	55	51
호바귀 (S)	44	66	70	44	55	56
호바귀 (XL)	59	66	70	44	55	41
홍수몬	50	105	79	35	110	76
화강돌	50	92	108	92	108	35
화살꼬빈	45	50	43	40	38	62
화염레오	86	68	72	109	66	106
활화르바	55	85	55	50	55	60
후딘 (5세대까지)	55	50	45	135	85	120
후딘 (6세대부터)	55	50	45	135	95	120
후파 (굴레를 벗어난 폼)	80	160	60	170	130	80
후파 (굴레에 빠진 폼)	80	110	60	150	130	70
훔처우	40	28	28	47	52	50
휠구	40	55	99	40	79	47
흉내내	20	25	45	70	90	60
흔들풍손	90	50	34	60	44	70
흥나숭	50	65	50	40	40	65
히드런	91	90	106	130	106	77
히포포타스	68	72	78	38	42	32
